a <- c(10, 6,7)

a < 5 & 10 > a

